---
win: 1267
loss: 1150
push: 78
pending: 3
win_pct: 0.524
void: 39
total_units: 1512.85
account_units: 54.92
pending_units: 12.0
bank: 0
futures: []
non_future_pending:
- sport: NHL
  units: 4.0
  description: EDM o97.5 PTs
  line: "-116"
- sport: NHL
  units: 4.0
  description: TOR o105.5 Pts
  line: "-120"
- sport: NHL
  units: 4.0
  description: WPG o92.5 Pts
  line: "-130"
monthly_mls:
- month: '12'
  record: 28-18-0
- month: '01'
  record: 117-99-2
- month: '02'
  record: 67-72-2
- month: '03'
  record: 99-90-1
- month: '04'
  record: 118-129-5
- month: '05'
  record: 127-130-2
- month: '06'
  record: 109-103-4
- month: '07'
  record: 115-93-18
- month: '08'
  record: 164-132-23
- month: '09'
  record: 150-99-14
- month: '10'
  record: 116-106-6
- month: '11'
  record: 39-48-1
- month: '12'
  record: 18-31-0
week_w: 0
week_l: 0
week_p: 0
future_record: 26-21-2
future_record_win_pct: 0.553
future_record_units: 29.932793978693937
parlay_record: 13-42-0
parlay_record_win_pct: 0.236
parlay_record_units: -1.9274999999999998
betback_record: 2-8-7
betback_record_win_pct: 0.2
betback_record_units: 5.414999999999999
nba_record: 404-401-0
nba_record_win_pct: 0.502
nba_record_units: -4.807159316354228
nhl_record: 208-178-9
nhl_record_win_pct: 0.539
nhl_record_units: -0.40348523822011995
mlb_record: 456-374-62
mlb_record_win_pct: 0.549
mlb_record_units: -10.640774689670437
nfl_record: 146-151-7
nfl_record_win_pct: 0.492
nfl_record_units: -10.876653966909444
mma_record: 10-5-0
mma_record_win_pct: 0.667
mma_record_units: 1.117915633449614
